39
94
43
97
145
46
164
167
162
28
193
193
127
167
173
167
61
167
44
65
88
146
64
4
142
162
158
47
142
17
122
165
3
101
193
42
42
61
121
86
22
70
3
5
55
113
165
167
154
162
172
42
3
33
3
39
4
4
33
138
173
196
121
4
135
192
3
165
8
188
4
165
162
35
28
88
42
19
8
196
78
18
99
126
42
162
70
165
104
121
144
113
42
167
121
65
95
46
121
61
121
28
162
109
171
90
39
60
178
186
134
80
88
139
46
72
136
64
194
175
3
178
19
42
117
92
57
3
3
37
3
42
39
10
165
44
3
104
175
162
46
165
46
162
3
167
46
186
167
55
165
18
165
55
55
162
88
177
71
193
121
165
39
173
58
165
137
193
193
70
129
193
200
23
160
77
103
162
136
18
42
87
111
131
162
145
167
165
118
4
123
3
136
3
34
136
193
193
73
113
44
3
136
16
88
160
103
4
19
162
97
137
173
165
54
162
3
113
162
162
161
175
60
39
167
165
91
3
131
155
167
125
46
121
165
162
8
162
19
162
162
39
167
3
114
3
121
113
103
3
23
184
4
70
162
8
88
88
52
36
3
3
9
157
165
155
42
3
162
81
125
42
103
119
103
167
162
187
41
34
43
125
162
70
105
3
32
169
79
121
92
162
160
4
165
181
122
46
99
98
167
186
167
28
53
42
103
41
162
136
125
31
39
8
92
95
162
88
173
146
92
10
102
88
43
98
130
88
95
98
119
164
28
39
70
128
193
103
44
53
143
55
88
42
88
55
184
2
6
121
126
167
160
88
196
3
167
164
121
2
30
85
122
39
91
165
3
127
193
117
106
20
1
103
173
8
63
167
78
88
162
76
125
173
143
182
68
105
162
88
58
96
196
88
165
177
193
34
18
103
121
160
196
105
3
3
28
136
42
4
62
90
193
85
91
174
88
131
2
173
18
118
3
162
16
175
60
44
126
121
167
93
3
88
43
47
121
38
48
183
103
140
39
42
42
15
43
17
28
173
78
12
3
121
103
197
164
136
143
8
167
3
150
42
110
95
136
106
173
159
167
121
162
113
193
88
162
150
98
68
46
68
4
118
143
175
121
115
62
8
103
88
143
60
83
71
131
162
39
63
165
3
158
31
136
193
81
144
114
165
39
16
149
116
38
108
181
167
42
162
125
118
39
38
199
48
96
2
171
118
88
121
120
162
195
114
44
19
121
162
167
69
44
8
165
136
34
167
142
88
3
8
103
88
42
121
88
14
3
88
196
39
42
94
81
193
42
138
131
71
30
18
4
93
8
165
18
28
3
106
3
40
121
63
162
167
8
193
74
39
40
42
88
98
53
39
173
166
49
165
82
173
62
165
41
79
33
162
165
88
121
173
21
165
165
103
162
158
136
28
193
165
36
165
143
165
98
109
83
114
86
69
121
49
39
165
127
55
193
143
80
44
42
167
46
65
128
19
167
116
165
136
171
162
162
128
113
162
149
167
88
88
35
39
3
167
171
39
103
182
113
169
121
88
158
3
131
162
77
11
196
113
179
175
186
165
28
64
21
104
105
88
24
89
165
28
39
160
164
132
26
113
31
200
57
29
160
24
89
55
162
3
162
42
88
4
167
118
112
193
175
165
88
127
88
88
40
16
197
8
68
39
102
88
173
118
187
139
42
173
179
118
70
173
101
53
34
162
178
150
88
167
22
75
77
100
77
188
95
165
55
136
60
162
31
38
42
121
42
135
110
4
150
121
28
182
162
78
66
127
167
8
167
143
138
85
107
100
88
173
193
88
28
88
88
165
167
119
184
18
121
196
18
115
186
46
11
193
118
88
3
3
19
145
72
165
162
3
39
167
147
3
160
62
62
141
165
165
189
46
4
167
162
8
39
67
165
62
146
4
3
64
136
61
128
118
196
88
54
162
28
88
49
88
3
162
153
182
193
200
39
3
165
172
167
162
194
15
3
3
162
165
18
165
3
121
121
39
145
39
97
121
40
162
3
3
167
162
162
145
3
125
160
116
52
20
4
196
28
167
125
42
170
175
39
106
153
3
61
169
193
45
131
124
88
8
121
143
119
121
4
8
3
39
39
3
42
46
165
3
60
102
23
162
4
167
165
118
165
8
87
39
145
121
4
24
103
77
42
162
165
42
145
193
131
55
66
26
3
39
165
56
162
29
167
175
109
167
8
136
77
61
80
32
3
193
3
135
56
193
22
155
162
193
42
46
28
35
167
88
39
98
165
48
42
169
145
3
194
165
103
63
62
42
41
88
4
165
182
122
6
35
173
51
20
189
73
28
46
80
19
158
121
121
162
3
167
167
16
4
60
39
165
135
48
100
77
68
180
3
82
127
152
55
70
42
3
46
3
3
197
173
131
180
97
6
133
130
172
196
150
193
88
78
121
61
18
162
196
89
118
47
8
162
44
162
3
100
103
18
46
167
3
106
49
167
177
39
167
193
162
88
8
103
167
129
122
162
113
3
28
62
100
122
16
42
75
43
162
194
169
177
122
179
121
88
3
145
131
121
88
185
162
149
125
126
197
41
103
60
143
173
42
175
143
101
3
172
121
144
39
162
125
162
12
195
103
57
3
165
121
198
160
44
63
165
167
136
118
28
4
153
165
121
80
88
167
157
162
60
88
167
161
34
71
162
145
121
53
162
38
18
3
193
198
50
8
122
42
139
132
28
8
91
143
193
4
111
130
167
165
162
122
165
55
165
193
162
4
88
88
88
128
42
46
172
173
39
88
103
193
193
3
28
165
167
162
42
36
114
5
58
114
56
175
3
81
4
148
73
168
81
8
39
19
114
39
88
65
36
42
167
88
43
85
8
139
42
156
165
167
78
88
39
88
158
193
181
3
3
88
76
3
165
78
190
40
121
39
162
76
4
122
28
162
78
28
143
165
127
34
123
162
3
186
36
98
136
121
128
42
191
8
70
88
121
10
162
114
46
160
107
39
46
162
50
148
42
167
165
3
196
18
39
3
126
136
121
167
125
103
55
173
193
110
183
173
98
3
162
199
8
147
34
2
28
35
161
71
173
167
137
88
3
48
167
121
35
141
175
113
175
110
3
200
169
121
115
153
68
103
83
118
78
39
65
3
25
4
136
106
42
196
88
71
78
165
77
18
105
167
165
39
61
165
39
136
7
3
165
82
167
162
162
124
39
69
193
4
25
36
167
174
126
3
107
4
39
61
165
124
118
94
174
4
167
190
173
175
162
88
149
8
3
103
193
14
162
172
4
167
3
3
162
66
131
167
180
44
3
122
125
121
28
36
103
194
30
118
19
173
7
196
55
157
3
200
162
28
44
39
88
28
88
62
167
158
165
165
167
127
39
167
66
41
113
42
77
8
167
88
105
39
42
88
8
193
39
42
60
116
131
3
43
131
189
55
101
48
167
55
162
118
134
162
88
96
43
88
125
144
161
187
44
70
4
24
55
173
61
39
167
116
3
98
39
121
116
193
193
35
198
2
4
42
46
167
3
100
165
28
46
3
32
156
42
39
165
72
88
136
90
145
3
3
148
118
38
173
167
118
39
130
167
144
150
193
165
25
165
172
162
180
113
8
38
130
150
103
3
167
28
120
3
6
131
44
60
108
3
162
42
99
28
79
143
43
81
112
39
193
3
167
46
197
53
81
165
8
198
171
140
53
8
58
160
141
126
121
19
134
48
162
167
4
148
165
151
39
173
185
4
121
63
8
28
162
99
115
44
121
193
165
165
3
88
133
4
93
143
108
51
136
98
55
39
88
39
167
73
126
53
39
176
122
145
167
191
27
196
3
148
120
162
88
167
115
165
88
165
34
19
3
95
55
60
165
173
63
170
175
28
44
119
162
19
17
196
77
39
27
162
48
122
196
188
39
44
160
88
3
155
153
134
55
33
4
167
131
3
165
163
72
197
121
4
88
165
4
145
165
122
53
121
193
157
119
20
88
91
132
88
128
93
55
55
166
165
7
34
139
162
39
3
39
103
191
198
26
167
103
136
3
27
39
188
162
91
61
175
39
29
167
19
85
54
122
67
173
162
71
162
88
136
63
25
122
162
167
125
177
16
196
43
167
88
116
52
10
16
7
173
88
162
121
8
167
79
148
120
36
165
88
173
162
181
3
193
3
94
88
44
165
3
106
100
179
121
167
165
42
59
51
96
39
188
21
98
167
101
9
186
148
173
62
36
55
162
150
158
70
4
167
162
1
98
46
121
3
98
42
88
38
3
162
88
4
191
42
103
154
3
186
125
121
113
193
29
31
193
187
94
167
193
165
162
48
3
100
88
184
143
161
137
193
42
131
42
62
88
88
186
25
187
170
165
159
98
13
28
143
59
52
199
88
103
167
162
193
167
128
110
42
56
131
131
78
3
165
167
175
165
161
159
105
162
15
143
193
183
114
153
193
89
200
136
51
113
136
53
166
166
42
49
3
42
62
162
133
78
193
167
28
130
149
113
45
27
70
162
162
9
60
167
173
85
165
165
125
165
42
88
167
3
39
3
25
28
61
151
181
120
42
121
36
103
78
46
105
136
167
186
74
131
118
131
121
193
193
18
121
173
15
3
44
91
193
4
148
113
114
190
3
19
88
114
67
167
167
162
121
103
13
165
3
3
165
111
39
27
167
105
121
3
157
39
88
162
157
121
142
187
4
3
17
19
121
167
196
59
4
162
121
109
121
34
49
46
88
39
18
109
167
84
196
155
64
100
3
3
150
173
44
193
121
102
162
60
9
132
8
149
163
167
3
66
46
92
88
187
117
53
50
167
42
97
61
148
152
39
42
103
14
168
19
35
7
145
131
134
130
68
23
165
113
86
3
173
71
103
167
162
102
3
199
193
165
37
88
88
53
103
175
174
38
62
162
193
6
28
165
167
3
71
4
88
33
105
173
140
125
103
196
136
137
148
75
121
193
46
125
2
20
129
54
62
8
3
88
165
173
193
93
124
136
121
165
19
8
165
69
54
149
196
53
165
50
188
100
167
162
88
125
175
162
3
118
2
165
162
175
104
36
46
3
4
3
162
3
75
98
95
19
193
114
31
55
165
122
96
143
46
165
4
98
57
145
162
97
8
39
156
131
39
88
113
109
134
162
118
125
55
165
121
88
88
36
167
103
167
42
113
62
53
117
182
165
37
39
3
167
88
165
118
167
95
143
121
190
64
147
169
121
118
4
39
42
193
39
3
30
176
71
167
3
48
46
121
193
148
4
39
34
167
143
167
5
162
74
18
121
60
114
3
34
146
193
8
162
196
167
39
148
88
164
103
33
162
8
59
65
129
165
4
151
99
162
3
165
156
196
72
87
191
77
3
70
165
61
162
118
172
46
186
175
167
19
42
42
3
39
165
136
59
44
39
121
2
8
193
88
125
187
165
196
35
162
143
1
167
3
28
162
38
3
19
121
193
42
88
167
3
175
131
21
66
39
76
123
98
4
39
20
167
95
122
50
125
83
76
65
111
11
18
193
100
116
179
70
162
90
42
39
170
165
175
136
93
121
3
142
147
121
48
29
165
188
100
103
3
143
195
125
193
3
9
118
173
16
193
88
144
19
143
19
150
165
64
64
165
39
86
150
85
42
62
44
162
19
121
162
3
188
42
160
163
84
9
46
109
39
12
39
127
159
143
88
31
70
106
167
157
143
127
125
148
155
67
11
65
55
39
167
42
165
40
44
46
196
46
86
121
72
88
173
167
113
145
73
110
4
58
182
121
39
3
173
39
55
162
25
179
121
88
142
145
88
173
70
173
153
193
143
140
35
39
9
165
121
82
63
166
39
8
143
82
168
90
122
36
145
166
167
55
106
154
88
173
39
105
4
39
165
36
88
141
39
173
3
128
143
101
193
167
193
53
19
48
121
42
33
167
8
96
88
127
118
185
149
3
88
165
112
8
28
121
167
31
167
133
162
153
148
61
91
73
3
48
165
167
42
167
4
31
3
3
71
103
41
34
116
153
28
193
162
62
167
165
4
165
88
39
3
162
70
121
193
165
108
7
195
69
176
18
42
63
93
165
39
3
162
3
110
39
68
28
39
160
61
80
3
193
42
126
3
11
168
28
178
39
172
39
138
39
3
121
77
116
46
136
4
45
165
20
173
39
182
193
39
193
55
167
32
196
167
126
43
128
88
60
48
22
165
176
66
49
88
159
131
185
4
165
126
39
88
116
110
77
115
20
152
37
125
196
46
5
196
3
193
121
154
70
53
133
70
70
42
39
173
163
3
18
26
169
125
162
4
167
79
165
99
180
45
42
90
3
44
167
137
4
28
125
121
166
87
110
173
183
103
3
165
162
39
84
71
112
7
126
135
47
162
189
104
99
152
177
121
170
162
193
108
170
107
136
125
83
136
93
162
111
118
88
103
28
162
3
167
165
165
162
121
39
13
23
110
152
98
177
162
40
21
88
48
1
154
143
151
39
165
39
91
143
143
171
165
81
198
53
123
103
162
8
3
148
14
167
106
165
12
8
39
42
13
55
44
167
106
74
162
46
127
84
19
44
167
162
187
3
97
165
81
100
114
46
39
13
104
162
39
4
