0.000000 2.842567
0.693147 2.948585
1.098612 3.023706
1.386294 3.037992
1.609438 3.144152
1.791759 3.236268
1.945910 3.429171
2.079442 3.565747
2.197225 3.603018
2.302585 3.861592
2.397895 4.060443
2.484907 4.122318
2.564949 4.188276
2.639057 4.211266
2.708050 4.308904
2.772589 4.417118
2.833213 4.506730
2.890372 4.571269
2.944439 4.571269
2.995732 4.640262
3.044522 4.640262
3.091042 4.714369
3.135494 4.714369
3.178054 4.794412
3.218876 4.836972
3.258097 4.881424
3.295837 4.927944
3.332205 4.976734
3.367296 5.028027
3.401197 5.028027
3.433987 5.082094
3.465736 5.139253
3.496508 5.139253
3.526361 5.199877
3.555348 5.199877
3.583519 5.264416
3.610918 5.264416
3.637586 5.264416
3.663562 5.333409
3.688879 5.333409
3.713572 5.333409
3.737670 5.407517
3.761200 5.407517
3.784190 5.407517
3.806662 5.487559
3.828641 5.487559
3.850148 5.487559
3.871201 5.487559
3.891820 5.574571
3.912023 5.574571
3.931826 5.574571
3.951244 5.574571
3.970292 5.574571
3.988984 5.669881
4.007333 5.669881
4.025352 5.669881
4.043051 5.669881
4.060443 5.669881
4.077537 5.775241
4.094345 5.775241
4.110874 5.775241
4.127134 5.775241
4.143135 5.775241
4.158883 5.775241
4.174387 5.775241
4.189655 5.775241
4.204693 5.775241
4.219508 5.893024
4.234107 5.893024
4.248495 5.893024
4.262680 5.893024
4.276666 5.893024
4.290459 5.893024
4.304065 5.893024
4.317488 5.893024
4.330733 5.893024
4.343805 5.893024
4.356709 6.026556
4.369448 6.026556
4.382027 6.026556
4.394449 6.026556
4.406719 6.026556
4.418841 6.026556
4.430817 6.026556
4.442651 6.026556
4.454347 6.026556
4.465908 6.026556
4.477337 6.026556
4.488636 6.026556
4.499810 6.026556
4.510860 6.026556
4.521789 6.026556
4.532599 6.026556
4.543295 6.180707
4.553877 6.180707
4.564348 6.180707
4.574711 6.180707
4.584967 6.180707
4.595120 6.180707
4.605170 6.180707
4.615121 6.180707
4.624973 6.180707
4.634729 6.180707
4.644391 6.180707
4.653960 6.180707
4.663439 6.180707
4.672829 6.180707
4.682131 6.180707
4.691348 6.180707
4.700480 6.180707
4.709530 6.180707
4.718499 6.180707
4.727388 6.180707
4.736198 6.180707
4.744932 6.180707
4.753590 6.363028
4.762174 6.363028
4.770685 6.363028
4.779123 6.363028
4.787492 6.363028
4.795791 6.363028
4.804021 6.363028
4.812184 6.363028
4.820282 6.363028
4.828314 6.363028
4.836282 6.363028
4.844187 6.363028
4.852030 6.363028
4.859812 6.363028
4.867534 6.363028
4.875197 6.363028
4.882802 6.363028
4.890349 6.363028
4.897840 6.363028
4.905275 6.363028
4.912655 6.363028
4.919981 6.363028
4.927254 6.363028
4.934474 6.363028
4.941642 6.363028
4.948760 6.363028
4.955827 6.363028
4.962845 6.363028
4.969813 6.363028
4.976734 6.363028
4.983607 6.363028
4.990433 6.363028
4.997212 6.363028
5.003946 6.586172
5.010635 6.586172
5.017280 6.586172
5.023881 6.586172
5.030438 6.586172
5.036953 6.586172
5.043425 6.586172
5.049856 6.586172
5.056246 6.586172
5.062595 6.586172
5.068904 6.586172
5.075174 6.586172
5.081404 6.586172
5.087596 6.586172
5.093750 6.586172
5.099866 6.586172
5.105945 6.586172
5.111988 6.586172
5.117994 6.586172
5.123964 6.586172
5.129899 6.586172
5.135798 6.586172
5.141664 6.586172
5.147494 6.586172
5.153292 6.586172
5.159055 6.586172
5.164786 6.586172
5.170484 6.586172
5.176150 6.586172
5.181784 6.586172
5.187386 6.586172
5.192957 6.586172
5.198497 6.586172
5.204007 6.586172
5.209486 6.586172
5.214936 6.586172
5.220356 6.586172
5.225747 6.586172
5.231109 6.586172
5.236442 6.586172
5.241747 6.586172
5.247024 6.586172
5.252273 6.586172
5.257495 6.586172
5.262690 6.586172
5.267858 6.586172
5.273000 6.586172
5.278115 6.586172
5.283204 6.586172
5.288267 6.586172
5.293305 6.586172
5.298317 7.972466
