0.058276
0.052414
0.048621
0.047931
0.043103
0.039310
0.032414
0.028276
0.027241
0.021034
0.017241
0.016207
0.015172
0.014828
0.013448
0.012069
0.011034
0.010345
0.010345
0.009655
0.009655
0.008966
0.008966
0.008276
0.007931
0.007586
0.007241
0.006897
0.006552
0.006552
0.006207
0.005862
0.005862
0.005517
0.005517
0.005172
0.005172
0.005172
0.004828
0.004828
0.004828
0.004483
0.004483
0.004483
0.004138
0.004138
0.004138
0.004138
0.003793
0.003793
0.003793
0.003793
0.003793
0.003448
0.003448
0.003448
0.003448
0.003448
0.003103
0.003103
0.003103
0.003103
0.003103
0.003103
0.003103
0.003103
0.003103
0.002759
0.002759
0.002759
0.002759
0.002759
0.002759
0.002759
0.002759
0.002759
0.002759
0.002414
0.002414
0.002414
0.002414
0.002414
0.002414
0.002414
0.002414
0.002414
0.002414
0.002414
0.002414
0.002414
0.002414
0.002414
0.002414
0.002069
0.002069
0.002069
0.002069
0.002069
0.002069
0.002069
0.002069
0.002069
0.002069
0.002069
0.002069
0.002069
0.002069
0.002069
0.002069
0.002069
0.002069
0.002069
0.002069
0.002069
0.002069
0.001724
0.001724
0.001724
0.001724
0.001724
0.001724
0.001724
0.001724
0.001724
0.001724
0.001724
0.001724
0.001724
0.001724
0.001724
0.001724
0.001724
0.001724
0.001724
0.001724
0.001724
0.001724
0.001724
0.001724
0.001724
0.001724
0.001724
0.001724
0.001724
0.001724
0.001724
0.001724
0.001724
0.001379
0.001379
0.001379
0.001379
0.001379
0.001379
0.001379
0.001379
0.001379
0.001379
0.001379
0.001379
0.001379
0.001379
0.001379
0.001379
0.001379
0.001379
0.001379
0.001379
0.001379
0.001379
0.001379
0.001379
0.001379
0.001379
0.001379
0.001379
0.001379
0.001379
0.001379
0.001379
0.001379
0.001379
0.001379
0.001379
0.001379
0.001379
0.001379
0.001379
0.001379
0.001379
0.001379
0.001379
0.001379
0.001379
0.001379
0.001379
0.001379
0.001379
0.001379
0.000345
