0.131450
0.070556
0.049030
0.037871
0.030996
0.026317
0.022916
0.020327
0.018288
0.016637
0.015273
0.014126
0.013146
0.012300
0.011561
0.010911
0.010333
0.009816
0.009351
0.008930
0.008547
0.008198
0.007877
0.007582
0.007309
0.007056
0.006821
0.006602
0.006397
0.006206
0.006026
0.005856
0.005697
0.005546
0.005404
0.005269
0.005141
0.005019
0.004903
0.004793
0.004688
0.004588
0.004492
0.004400
0.004312
0.004228
0.004147
0.004070
0.003995
0.003923
0.003854
0.003787
0.003723
0.003661
0.003601
0.003544
0.003488
0.003434
0.003381
0.003331
0.003282
0.003234
0.003188
0.003143
0.003100
0.003058
0.003017
0.002977
0.002938
0.002900
0.002864
0.002828
0.002793
0.002759
0.002726
0.002694
0.002663
0.002632
0.002602
0.002573
0.002544
0.002516
0.002489
0.002463
0.002437
0.002411
0.002386
0.002362
0.002338
0.002315
0.002292
0.002269
0.002248
0.002226
0.002205
0.002184
0.002164
0.002144
0.002125
0.002106
0.002087
0.002069
0.002051
0.002033
0.002016
0.001998
0.001982
0.001965
0.001949
0.001933
0.001917
0.001902
0.001887
0.001872
0.001857
0.001843
0.001829
0.001815
0.001801
0.001788
0.001775
0.001762
0.001749
0.001736
0.001724
0.001711
0.001699
0.001687
0.001675
0.001664
0.001652
0.001641
0.001630
0.001619
0.001608
0.001598
0.001587
0.001577
0.001567
0.001557
0.001547
0.001537
0.001527
0.001518
0.001509
0.001499
0.001490
0.001481
0.001472
0.001463
0.001455
0.001446
0.001438
0.001429
0.001421
0.001413
0.001405
0.001397
0.001389
0.001381
0.001373
0.001366
0.001358
0.001351
0.001343
0.001336
0.001329
0.001322
0.001315
0.001308
0.001301
0.001294
0.001287
0.001281
0.001274
0.001268
0.001261
0.001255
0.001249
0.001242
0.001236
0.001230
0.001224
0.001218
0.001212
0.001206
0.001201
0.001195
0.001189
0.001184
0.001178
0.001172
0.001167
0.001162
0.001156
0.001151
0.001146
0.001141
0.001135
0.001130
